=============================Gauss09 sAWK=============================
#code's author: Giuliano Tognarelli Buono-core
#/Users/giuliano/Desktop/cytbFeII_M5_susti_BPW91.log
#Last run on Friday 06/06/2014 at 22:36 (dd/mm/yyyy)

Warning: There was an expected format-related-problem with data treatment

Warning: There was an expected format-related-problem with data treatment

Warning: there was an expected error format-related-problem with data treatment

Warning: there was an expected error format-related-problem with data treatment

AO:
[-18.64732, -18.64708, -18.54148, -13.86509, -9.81051, -9.81026, -9.78983, -9.78852, -9.78833, -9.78761, -9.78435, -9.78392, -9.78337, -9.78324, -9.78284, -9.78099, -9.78049, -9.77621, -9.77161, -9.76775, -9.76733, -9.76643, -9.7664, -9.76406, -9.76388, -9.76354, -9.76279, -9.76226, -9.76177, -9.76155, -9.75913, -9.75616, -9.74802, -9.74562, -9.74533, -9.74432, -9.73202, -9.73168, -3.20505, -2.04893, -2.01247, -2.01046, -0.79102, -0.79094, -0.73487, -0.73392, -0.70869, -0.70033, -0.69919, -0.69089, -0.65517, -0.6545, -0.58236, -0.57917, -0.57668, -0.56635, -0.56227, -0.56157, -0.5569, -0.53725, -0.52571, -0.51402, -0.50974, -0.50728, -0.48754, -0.48155, -0.47798, -0.47565, -0.45703, -0.42694, -0.42562, -0.40561, -0.39899, -0.39142, -0.3907, -0.36854, -0.36825, -0.35802, -0.34667, -0.33703, -0.32587, -0.32114, -0.30409, -0.29889, -0.29499, -0.29343, -0.2781, -0.27512, -0.26853, -0.2611, -0.25758, -0.24695, -0.24577, -0.24268, -0.23894, -0.23854, -0.23774, -0.23613, -0.22431, -0.22324, -0.2207, -0.21981, -0.21928, -0.21465, -0.21305, -0.20846, -0.2027, -0.2017, -0.20044, -0.19324, -0.19294, -0.19129, -0.18768, -0.1858, -0.18246, -0.18084, -0.17785, -0.1773, -0.17456, -0.17374, -0.17297, -0.1721, -0.17046, -0.16048, -0.15696, -0.15535, -0.153, -0.15165, -0.15093, -0.14414, -0.13818, -0.13594, -0.12901, -0.12315, -0.12127, -0.11994, -0.1158, -0.11376, -0.11159, -0.10789, -0.10672, -0.10565, -0.10401, -0.09675, -0.0871, -0.07548, -0.07419, -0.06002, -0.04663, -0.04559, -0.0378, -0.0306, -0.02703, -0.0162, -0.01423, -0.0101, -0.00933, 0.00131, 0.00205, 0.0052, 0.00579, 0.05344, -18.64686, -18.64664, -18.53852, -13.86577]

AV:
[0.05524, 0.06951, 0.08851, 0.11123, 0.12402, 0.13364, 0.15778, 0.16385, 0.16467, 0.1699, 0.18786, 0.19588, 0.19745, 0.19846, 0.21025, 0.2123, 0.21873, 0.22118, 0.23628, 0.23743, 0.23789, 0.24281, 0.24728, 0.25344, 0.25426, 0.25646, 0.25961, 0.26086, 0.26145, 0.26267, 0.26492, 0.26878, 0.27787, 0.2804, 0.28225, 0.28423, 0.28654, 0.28942, 0.29661, 0.30082, 0.30184, 0.30324, 0.30489, 0.30877, 0.31002, 0.31235, 0.31548, 0.31656, 0.32136, 0.32318, 0.32488, 0.33051, 0.33335, 0.3367, 0.33816, 0.34664, 0.35014, 0.35099, 0.35158, 0.35366, 0.36384, 0.3647, 0.36814, 0.3717, 0.37418, 0.37687, 0.38, 0.3826, 0.38619, 0.38662, 0.38923, 0.38976, 0.3933, 0.39459, 0.39582, 0.39977, 0.40206, 0.40624, 0.41085, 0.41251, 0.41742, 0.42177, 0.42268, 0.42784, 0.43227, 0.43441, 0.43526, 0.43662, 0.43933, 0.44337, 0.44633, 0.44913, 0.45067, 0.45378, 0.45907, 0.46264, 0.46466, 0.46581, 0.46735, 0.47246, 0.47407, 0.4831, 0.48403, 0.48549, 0.48866, 0.48886, 0.49181, 0.4937, 0.49656, 0.49877, 0.50269, 0.50441, 0.50763, 0.51092, 0.51143, 0.51368, 0.5145, 0.51635, 0.5228, 0.52581, 0.53025, 0.53153, 0.53418, 0.53801, 0.53937, 0.54359, 0.54616, 0.54801, 0.55262, 0.55608, 0.55786, 0.56176, 0.56684, 0.56824, 0.56878, 0.5732, 0.57611, 0.5776, 0.58373, 0.58629, 0.58867, 0.5902, 0.59435, 0.60052, 0.60313, 0.60694, 0.60898, 0.61479, 0.62276, 0.62445, 0.63108, 0.63483, 0.64222, 0.65213, 0.65435, 0.65661, 0.66541, 0.66749, 0.67181, 0.67741, 0.68037, 0.68103, 0.68401, 0.68686, 0.69541, 0.7059, 0.70681, 0.71559, 0.71769, 0.71809, 0.7196, 0.72185, 0.72343, 0.72836, 0.73368, 0.73853, 0.74083, 0.74538, 0.74774, 0.75256, 0.75324, 0.75921, 0.7661, 0.77151, 0.77699, 0.78658, 0.79669, 0.79824, 0.80885, 0.8125, 0.82142, 0.83294, 0.83563, 0.83977, 0.8445, 0.84859, 0.85404, 0.85575, 0.86105, 0.86481, 0.86976, 0.88894, 0.89195, 0.89843, 0.9033, 0.90779, 0.9095, 0.91161, 0.92474, 0.9313, 0.9474, 0.95954, 0.97232, 0.97761, 0.98548, 0.99232, 0.99518, 1.00254, 1.00642, 1.00768, 1.02039, 1.02217, 1.02646, 1.02946, 1.04618, 1.04806, 1.06881, 1.07155, 1.07504, 1.08125, 1.08645, 1.09088, 1.10072, 1.10961, 1.12413, 1.142, 1.14892, 1.15368, 1.15852, 1.16397, 1.18121, 1.18675, 1.18997, 1.193, 1.19669, 1.19939, 1.20158, 1.20456, 1.20571, 1.20845, 1.22133, 1.2337, 1.24669, 1.24991, 1.25484, 1.27086, 1.27743, 1.28532, 1.29009, 1.29421, 1.30571, 1.31758, 1.33093, 1.33974, 1.34331, 1.3592, 1.36565, 1.37111, 1.37714, 1.39893, 1.40011, 1.41377, 1.42447, 1.43802, 1.45243, 1.4572, 1.46273, 1.47645, 1.48709, 1.48896, 1.49552, 1.5097, 1.5215, 1.5332, 1.54983, 1.56703, 1.58376, 1.58768, 1.59586, 1.60377, 1.61429, 1.62985, 1.6352, 1.64238, 1.65958, 1.68026, 1.70544, 1.70586, 1.70716, 1.72435, 1.75883, 1.77269, 1.78428, 1.83576, 1.84077, 1.8477, 1.86463, 1.87726, 1.90621, 1.9102, 1.94844, 1.97654, 2.04621, 2.0484, 2.05831, 2.0649, 2.13476, 18.17357]

BO:


BV:
[0.01996, 0.03775, 0.06068, 0.06564, 0.07243, 0.09399, 0.11725, 0.12454, 0.12648, 0.1384, 0.16129, 0.16445, 0.16838, 0.17091, 0.19201, 0.19706, 0.19901, 0.20318, 0.21124, 0.21736, 0.21945, 0.22183, 0.23742, 0.23783, 0.24248, 0.24717, 0.24778, 0.25676, 0.25779, 0.25935, 0.26034, 0.26166, 0.2629, 0.2638, 0.26632, 0.26968, 0.27848, 0.28117, 0.28284, 0.28498, 0.28741, 0.29057, 0.29727, 0.30146, 0.30248, 0.3038, 0.30584, 0.30971, 0.31076, 0.31319, 0.3167, 0.31793, 0.32305, 0.32397, 0.32565, 0.33159, 0.33464, 0.33802, 0.34043, 0.34762, 0.35085, 0.35239, 0.35466, 0.36374, 0.36489, 0.36733, 0.3705, 0.37355, 0.37715, 0.37889, 0.38204, 0.38573, 0.38725, 0.389, 0.39087, 0.39222, 0.39453, 0.39542, 0.39688, 0.40154, 0.40356, 0.40797, 0.41198, 0.41389, 0.41896, 0.42322, 0.42425, 0.42886, 0.43495, 0.43659, 0.43726, 0.43956, 0.44235, 0.4453, 0.4488, 0.45202, 0.45286, 0.45681, 0.46115, 0.46443, 0.46711, 0.46751, 0.46855, 0.47513, 0.47623, 0.48392, 0.48595, 0.48812, 0.48998, 0.49241, 0.49376, 0.49616, 0.49814, 0.50034, 0.50426, 0.50592, 0.50943, 0.51272, 0.51319, 0.5157, 0.51629, 0.51803, 0.52501, 0.52731, 0.53181, 0.53618, 0.53679, 0.54013, 0.54164, 0.54577, 0.54781, 0.54967, 0.55373, 0.55747, 0.55923, 0.56354, 0.56861, 0.56977, 0.57113, 0.57477, 0.57785, 0.58068, 0.58541, 0.58817, 0.59048, 0.5927, 0.596, 0.602, 0.60486, 0.60941, 0.6106, 0.61707, 0.62436, 0.62631, 0.63252, 0.63628, 0.64363, 0.65343, 0.65778, 0.65845, 0.6683, 0.67043, 0.67328, 0.67905, 0.68223, 0.68287, 0.68658, 0.68811, 0.69695, 0.70727, 0.70815, 0.71761, 0.71885, 0.71956, 0.72112, 0.72362, 0.72481, 0.73225, 0.73548, 0.74281, 0.74326, 0.7479, 0.75467, 0.75702, 0.75817, 0.76128, 0.76781, 0.77286, 0.77838, 0.78828, 0.79857, 0.80016, 0.81084, 0.81465, 0.82352, 0.83459, 0.83772, 0.84143, 0.8468, 0.85163, 0.85653, 0.8584, 0.86407, 0.86767, 0.87223, 0.89093, 0.89783, 0.90296, 0.90535, 0.91027, 0.91118, 0.91353, 0.92653, 0.93253, 0.94883, 0.96164, 0.97402, 0.97931, 0.98751, 0.99621, 0.999, 1.00689, 1.01986, 1.02127, 1.02297, 1.02666, 1.03232, 1.0334, 1.05014, 1.05521, 1.07087, 1.07489, 1.08251, 1.08724, 1.09005, 1.10049, 1.1045, 1.11191, 1.13635, 1.14289, 1.1499, 1.15441, 1.15958, 1.16482, 1.18285, 1.18839, 1.19153, 1.19394, 1.19796, 1.20039, 1.20265, 1.20581, 1.20735, 1.20886, 1.22191, 1.23414, 1.24731, 1.25024, 1.25549, 1.27152, 1.278, 1.28602, 1.29069, 1.29841, 1.30612, 1.31811, 1.33174, 1.34063, 1.34426, 1.36139, 1.36661, 1.37802, 1.38977, 1.40016, 1.40128, 1.41444, 1.42723, 1.44052, 1.45403, 1.4594, 1.46427, 1.47777, 1.48836, 1.48996, 1.49667, 1.51064, 1.52191, 1.53539, 1.55219, 1.56817, 1.58575, 1.5903, 1.59716, 1.60558, 1.61592, 1.63126, 1.63572, 1.64414, 1.66058, 1.68236, 1.70726, 1.70762, 1.71161, 1.72632, 1.76114, 1.77527, 1.78799, 1.83753, 1.84286, 1.85086, 1.86553, 1.87845, 1.91071, 1.91469, 1.95057, 1.9787, 2.05063, 2.05336, 2.06062, 2.06716, 2.13756, 18.21964]
Alpha results
HOMO: -13.86577
LUMO: 0.05524
u= -6.905265   Hn= 6.9605049999999995
Beta results
HOMO: 0.01924
LUMO: 0.01996
u= 0.0196   Hn= 0.0003599999999999992

=============================EOI=============================

Warning: There was an expected format-related-problem with data treatment

Warning: There was an expected format-related-problem with data treatment

Warning: there was an expected error format-related-problem with data treatment

Warning: there was an expected error format-related-problem with data treatment
HF: -2109.6629208

=====================E(UB3LYP)=====================
Point              Value

AO:
[-18.65455, -18.61369, -18.55907, -13.87902, -9.82516, -9.82493, -9.80476, -9.80082, -9.79993, -9.79978, -9.79834, -9.79649, -9.79564, -9.79404, -9.79081, -9.79064, -9.78999, -9.78534, -9.78211, -9.78049, -9.77681, -9.77632, -9.77628, -9.77576, -9.7737, -9.77334, -9.77312, -9.77253, -9.7722, -9.77024, -9.76803, -9.76583, -9.75937, -9.75832, -9.75559, -9.75507, -9.74324, -9.74217, -3.20905, -2.04957, -2.01812, -2.01766, -0.79818, -0.75613, -0.75189, -0.75068, -0.72757, -0.71922, -0.71835, -0.70937, -0.67251, -0.67154, -0.59652, -0.59169, -0.58668, -0.57772, -0.57509, -0.57244, -0.56927, -0.54765, -0.53615, -0.5251, -0.52168, -0.51896, -0.49934, -0.4923, -0.48857, -0.48471, -0.46955, -0.44057, -0.43758, -0.41699, -0.40927, -0.40345, -0.40309, -0.37082, -0.36325, -0.35325, -0.34847, -0.3393, -0.33401, -0.31617, -0.31216, -0.31089, -0.30766, -0.30668, -0.28894, -0.28597, -0.27948, -0.27237, -0.2683, -0.25935, -0.25836, -0.2551, -0.25001, -0.24942, -0.24716, -0.24473, -0.23597, -0.23441, -0.23129, -0.22941, -0.22783, -0.22545, -0.22304, -0.21998, -0.21829, -0.21363, -0.21115, -0.20826, -0.20633, -0.20193, -0.1996, -0.19902, -0.19555, -0.19102, -0.1894, -0.18771, -0.18579, -0.18528, -0.18179, -0.18027, -0.17318, -0.16862, -0.16692, -0.16492, -0.1634, -0.16272, -0.15539, -0.1521, -0.15145, -0.15014, -0.1489, -0.14274, -0.1338, -0.13023, -0.13, -0.12508, -0.12115, -0.11969, -0.11847, -0.11605, -0.10545, -0.09783, -0.08923, -0.08674, -0.08282, -0.06549, -0.0589, -0.05059, -0.05001, -0.04324, -0.03799, -0.02935, -0.02785, -0.02608, -0.02512, -0.01492, -0.01399, -0.01297, -0.012, 0.03997, -18.65313, -18.61337, -18.55549, -13.87957]

AV:
[0.04331, 0.05373, 0.07749, 0.10087, 0.12254, 0.14197, 0.1511, 0.16137, 0.17111, 0.17455, 0.17718, 0.18181, 0.18388, 0.18774, 0.20268, 0.20374, 0.21083, 0.2155, 0.22292, 0.22889, 0.22931, 0.23059, 0.24034, 0.24172, 0.24424, 0.24821, 0.24924, 0.2526, 0.25778, 0.26229, 0.26852, 0.27004, 0.27424, 0.27504, 0.27748, 0.27986, 0.28186, 0.28529, 0.29013, 0.29226, 0.29494, 0.29603, 0.29749, 0.30198, 0.30476, 0.30655, 0.30869, 0.31123, 0.3133, 0.31428, 0.31527, 0.32069, 0.32484, 0.32696, 0.3328, 0.33693, 0.34006, 0.34228, 0.34346, 0.34707, 0.35359, 0.35628, 0.35804, 0.36052, 0.36583, 0.36807, 0.3709, 0.37394, 0.37808, 0.37961, 0.38141, 0.38359, 0.38569, 0.38707, 0.38759, 0.38922, 0.39779, 0.399, 0.40079, 0.40489, 0.40851, 0.41357, 0.41778, 0.42088, 0.42278, 0.42715, 0.42794, 0.43324, 0.43489, 0.43739, 0.43937, 0.44159, 0.44323, 0.44634, 0.44937, 0.45535, 0.45814, 0.46387, 0.46671, 0.46851, 0.47156, 0.47445, 0.4747, 0.47812, 0.4801, 0.4831, 0.48576, 0.48872, 0.49013, 0.493, 0.49416, 0.49648, 0.49921, 0.50131, 0.50375, 0.5049, 0.50593, 0.50737, 0.51186, 0.51363, 0.51796, 0.52437, 0.52925, 0.53093, 0.53729, 0.53842, 0.54026, 0.54313, 0.5439, 0.54704, 0.54816, 0.55311, 0.55722, 0.55936, 0.56113, 0.56542, 0.56812, 0.57275, 0.57667, 0.578, 0.58068, 0.58753, 0.59368, 0.59605, 0.59813, 0.60199, 0.60805, 0.61022, 0.61507, 0.61777, 0.63034, 0.63247, 0.63784, 0.64303, 0.6456, 0.64685, 0.65593, 0.66106, 0.66472, 0.66809, 0.67286, 0.67529, 0.6793, 0.683, 0.68498, 0.69259, 0.70127, 0.70247, 0.70294, 0.706, 0.71357, 0.71552, 0.71919, 0.72298, 0.72431, 0.73055, 0.73485, 0.73701, 0.74361, 0.74478, 0.75045, 0.75156, 0.75752, 0.76261, 0.76724, 0.77544, 0.78045, 0.78603, 0.78789, 0.79775, 0.80284, 0.80705, 0.82531, 0.82767, 0.82973, 0.83503, 0.83559, 0.83913, 0.8413, 0.84764, 0.85704, 0.86986, 0.87899, 0.88087, 0.89018, 0.89672, 0.90058, 0.90434, 0.9118, 0.92543, 0.92673, 0.94027, 0.94612, 0.95635, 0.96151, 0.96966, 0.9729, 0.98304, 0.99157, 0.99854, 1.01321, 1.01472, 1.02254, 1.02797, 1.0284, 1.04086, 1.04939, 1.05746, 1.06054, 1.06929, 1.07563, 1.08132, 1.09097, 1.13473, 1.13647, 1.14175, 1.14709, 1.15103, 1.16331, 1.17937, 1.18136, 1.1838, 1.19078, 1.19239, 1.19568, 1.1989, 1.20198, 1.21314, 1.22088, 1.23233, 1.23914, 1.24168, 1.25797, 1.26139, 1.27011, 1.2756, 1.27931, 1.28056, 1.28909, 1.29555, 1.3098, 1.31574, 1.32432, 1.32624, 1.33323, 1.34571, 1.35209, 1.36486, 1.36773, 1.37577, 1.38984, 1.39633, 1.40587, 1.40844, 1.43248, 1.44289, 1.45065, 1.46958, 1.4779, 1.47991, 1.48771, 1.49642, 1.50629, 1.52889, 1.54131, 1.56051, 1.57998, 1.58462, 1.591, 1.60717, 1.6236, 1.62684, 1.62883, 1.64773, 1.67794, 1.68959, 1.70248, 1.70597, 1.7349, 1.74773, 1.76816, 1.79213, 1.82387, 1.82866, 1.85595, 1.86603, 1.88354, 1.89321, 1.89835, 1.91822, 1.9655, 1.9985, 2.0334, 2.03406, 2.05631, 2.07245, 2.1481, 16.04131]

BO:


BV:
[0.00486, 0.02689, 0.04798, 0.05167, 0.05983, 0.08287, 0.10653, 0.10812, 0.12714, 0.14314, 0.15477, 0.16353, 0.1719, 0.17904, 0.18084, 0.18317, 0.18602, 0.19259, 0.2045, 0.20775, 0.21159, 0.21627, 0.22832, 0.22965, 0.23029, 0.23517, 0.2411, 0.24655, 0.24855, 0.24923, 0.25008, 0.2533, 0.25898, 0.26388, 0.26907, 0.27191, 0.27477, 0.27603, 0.27841, 0.28142, 0.28306, 0.2862, 0.29164, 0.29328, 0.29549, 0.297, 0.29867, 0.3031, 0.30584, 0.30785, 0.30967, 0.31347, 0.31519, 0.31567, 0.31732, 0.32282, 0.32818, 0.33028, 0.33419, 0.33967, 0.34136, 0.34378, 0.34424, 0.34856, 0.35488, 0.35807, 0.3604, 0.36235, 0.3687, 0.3705, 0.37287, 0.37745, 0.38024, 0.38155, 0.38254, 0.38533, 0.38661, 0.38848, 0.3895, 0.39046, 0.39923, 0.40073, 0.40241, 0.4059, 0.41014, 0.41512, 0.41968, 0.42228, 0.42519, 0.42858, 0.43327, 0.4356, 0.43733, 0.44025, 0.44111, 0.4431, 0.4447, 0.44893, 0.45117, 0.45714, 0.45945, 0.46603, 0.4686, 0.47104, 0.47269, 0.47599, 0.47711, 0.48027, 0.48114, 0.48449, 0.48701, 0.49032, 0.49292, 0.4947, 0.49599, 0.49862, 0.50206, 0.5029, 0.50574, 0.50728, 0.50756, 0.50886, 0.51314, 0.51576, 0.52019, 0.5266, 0.53102, 0.53358, 0.53897, 0.53962, 0.54199, 0.54444, 0.54543, 0.54876, 0.5498, 0.55495, 0.55883, 0.5609, 0.56264, 0.56694, 0.57008, 0.57459, 0.57816, 0.58034, 0.58227, 0.58998, 0.59551, 0.59775, 0.60069, 0.60355, 0.61039, 0.61231, 0.61658, 0.61977, 0.63176, 0.63402, 0.63957, 0.64433, 0.64758, 0.64965, 0.65881, 0.66361, 0.66651, 0.67006, 0.67453, 0.67675, 0.68147, 0.68456, 0.68782, 0.69444, 0.70263, 0.70408, 0.70541, 0.708, 0.71509, 0.71692, 0.72194, 0.72629, 0.72763, 0.73304, 0.73694, 0.74138, 0.74633, 0.74879, 0.7525, 0.75536, 0.75972, 0.7657, 0.77021, 0.78095, 0.78281, 0.78773, 0.79306, 0.80196, 0.80491, 0.80929, 0.82774, 0.82919, 0.83291, 0.83792, 0.83908, 0.84174, 0.84455, 0.84957, 0.85983, 0.8742, 0.88123, 0.88445, 0.8932, 0.8995, 0.90371, 0.90593, 0.91393, 0.92693, 0.92858, 0.94184, 0.94855, 0.95922, 0.96497, 0.97302, 0.97586, 0.98741, 0.99673, 1.00725, 1.016, 1.02002, 1.03002, 1.0322, 1.04777, 1.05411, 1.05603, 1.06114, 1.06403, 1.07325, 1.0793, 1.08376, 1.09335, 1.13515, 1.13716, 1.1423, 1.14788, 1.15197, 1.16393, 1.17992, 1.18294, 1.1847, 1.19137, 1.19317, 1.19636, 1.20014, 1.20245, 1.21368, 1.22165, 1.23303, 1.23948, 1.24214, 1.25956, 1.26283, 1.27212, 1.27664, 1.28038, 1.2839, 1.29044, 1.29662, 1.31141, 1.31837, 1.32607, 1.32778, 1.34091, 1.35083, 1.3551, 1.36628, 1.3708, 1.37676, 1.39052, 1.39777, 1.40855, 1.4094, 1.43381, 1.44526, 1.45226, 1.4707, 1.47889, 1.48073, 1.48845, 1.49788, 1.5073, 1.53135, 1.54328, 1.56119, 1.58101, 1.58558, 1.59218, 1.60783, 1.62524, 1.62753, 1.62985, 1.64849, 1.67964, 1.69146, 1.70396, 1.70806, 1.73716, 1.75073, 1.77113, 1.79535, 1.82637, 1.83122, 1.85709, 1.86724, 1.88684, 1.89863, 1.90366, 1.92412, 1.96753, 2.00027, 2.03942, 2.04006, 2.05774, 2.07461, 2.15104, 16.07967]
Alpha results
HOMO: -13.87957
LUMO: 0.04331
u= -6.91813   Hn= 6.96144
Beta results
HOMO: 0.00435
LUMO: 0.00486
u= 0.004605   Hn= 0.000255

=============================EOI=============================
